Aa 10 10 10 10 10 10 10 10 10 10 10 10 10 10 10 20 20 20 25 25
Ali 0 8 0 8 6 9 10 10 4 5 10 . 10 0 . 17 8 . 23 19
Craig 0 7 . 3 . 2 5 10 . . . . . . . . . . 5 .
Ashley 0 6 0 6 7 9 5 10 0 . . . . . . . . . 12 .
Lady 10 6 5 2 6 3 5 0 3 0 5 10 2 0 2 6 20 . 13 9
Kellie 10 7 0 . 4 5 5 7 8 0 10 . 3 0 3 20 20 20 14 16
Maureen 0 10 . 5 6 9 10 10 4 7 10 10 8 6 2 19 20 9 12 8
Claudia . . . . . . . . . . . . . . . . . . . .
Janness . 5 0 . 2 5 5 10 0 . . . . . . . . . 7 .
Karen 0 10 9 5 6 10 10 10 10 5 10 7 8 5 2 18 20 17 23 20
Claudia . 0 . 3 . . . . . . . . . . . . . . . .
Natalie 10 8 7 10 8 6 . 10 6 6 10 0 7 . 3 15 20 14 20 15
Megan 0 10 5 7 8 10 10 10 10 5 10 10 7 10 8 18 20 11 22 19
Jonathan 10 0 10 10 8 5 5 10 0 2 10 . 10 0 1 18 20 11 23 65
Mahkayla . 0 . . . . 0 7 . 0 . . . . . . . . 2 .
Camille 10 8 9 3 8 10 5 10 4 5 5 10 7 5 3 20 20 20 14 16
Linda 0 6 2 6 6 2 . . . . . . . . . . . . 5 .
Ashley 10 3 5 3 1 . 0 . . 0 . . . . . 19 . . 7 0
Anna 10 10 10 10 5 4 5 10 4 . 10 10 7 8 10 20 20 7 17 19
Magdalena 10 10 8 10 8 5 5 10 8 5 10 10 3 5 10 20 20 20 21 12
Raymond . . . 4 7 . 0 10 2 3 2 7 5 0 0 20 11 5 15 0
Lisa 0 5 5 8 3 4 0 10 . 0 10 10 10 . . 19 8 . 13 0
Lindsey 5 6 5 5 6 5 5 2 0 0 5 10 10 6 10 . 14 . 8 19
Connie 10 . 10 8 8 8 5 10 4 . 10 10 10 6 2 19 17 7 22 20
Marisa 0 5 5 10 6 3 5 10 0 3 8 10 2 5 8 20 20 20 13 12
Emily 0 7 10 8 6 7 10 10 5 6 10 10 10 . 0 15 20 14 21 9
Henry 0 4 2 . 6 3 0 . 3 5 10 3 2 . 2 19 13 . 8 .
Sonia 10 6 5 . 5 5 . 0 4 2 . . . . . . . . 14 .
Paul 10 5 5 10 5 2 5 2 0 3 10 10 5 . . . . . 11 1
Philip . . 0 7 6 . 5 . 4 . 5 . 3 . 2 7 . 12 12 6
Aileen 0 7 10 10 9 2 . 10 3 7 10 10 10 6 2 19 13 . 19 21
Veronica 10 8 6 10 8 . 0 0 3 5 10 10 10 5 2 . 19 2 23 .
Lisa 0 6 2 10 . 9 5 10 0 5 10 10 10 3 4 7 8 5 19 17
Neliza 0 8 8 10 6 . 0 10 . 3 8 10 . . . . . . 15 15
Kyle 0 9 4 10 8 2 10 7 0 0 8 10 10 6 0 16 14 7 16 17
Kristen 10 10 4 7 9 9 5 10 0 5 10 10 10 10 7 20 20 15 21 21
John 5 5 4 10 8 3 1 4 . . . . . . . . . . 5 .
Keren 10 9 10 10 10 8 5 10 0 2 10 10 10 5 10 17 20 10 19 23
Frankie 10 8 0 . . . . . . . . . . . . . . . . .
Barbie 7 8 0 3 8 8 0 10 4 5 . . . . . . . . 12 .
Victoria 10 6 7 . . 5 5 0 2 0 10 10 5 0 0 20 20 20 4 55
Teresa 10 8 0 3 6 9 0 10 2 2 10 10 5 4 2 6 20 . 13 65
Gevrey 10 4 9 10 7 7 6 10 4 5 5 10 7 . . 20 20 20 18 12
Hazel 10 8 10 3 . 5 5 10 5 6 10 10 7 5 0 . 17 6 14 14
Marcella 0 9 0 8 8 8 5 . 4 6 10 3 7 5 0 16 14 . 10 16
Jennifer 0 7 0 10 3 3 2 7 0 0 10 10 7 . 0 0 . 5 11 0
Vicki 10 8 3 4 5 3 5 0 4 0 2 0 5 3 . 14 14 . 12 1
