151.6 40.1 2 17.45
167.7 74.6 1 26.53
156 75.2 2 30.9
167.6 69.5 1 24.74
163.7 45 2 16.79
182.4 101.9 1 30.63
169.6 79.9 2 27.78
92.3 13.7 1 16.08
158.4 73.9 2 29.45
152.3 42.1 2 18.15
180.6 60.5 1 18.55
137.5 80.2 1 42.42
184 76.4 1 22.57
167.1 69.9 1 25.03
151.2 39.8 2 17.41
130.5 30.3 2 17.79
133 34.9 2 19.73
169.3 52.4 2 18.28
154.9 51.9 2 21.63
171.4 85 1 28.93
167.6 82.9 2 29.51
153.6 94.1 2 39.88
167.2 109.3 2 39.1
180.8 88.2 1 26.98
188 90.5 1 25.61
159.5 79.9 2 31.41
147.8 42 2 19.23
178.8 69.2 1 21.65
138.3 47.8 1 24.99
161.7 92 2 35.19
152.8 45.2 2 19.36
149.9 66.5 2 29.6
182 62.1 1 18.75
173.6 76.7 1 25.45
179.9 67.3 1 20.79
194.2 129.9 1 34.44
104.4 21.8 2 20
163.8 65.4 1 24.38
149.1 49.2 2 22.13
159.5 119.3 2 46.89
125.3 25 1 15.92
112.6 22.7 2 17.9
166.2 86.2 1 31.21
96 13.5 2 14.65
159 51.1 2 20.21
167.1 60.4 2 21.63
180 84.5 1 26.08
170.7 70.6 2 24.23
187.3 77.2 1 22.01
89.9 12.2 2 15.1
172.3 76.3 2 25.7
149.8 75.4 2 33.6
176.4 78.6 2 25.26
143 41.6 2 20.34
174.8 84 1 27.49
155.2 44.9 2 18.64
160.5 91.7 2 35.6
177 84.1 1 26.84
152.3 85.6 2 36.9
166 62.7 1 22.75
156.6 82.1 2 33.48
160.7 62.5 2 24.2
178.2 56.6 1 17.82
155.6 71.9 2 29.7
160.6 92.6 2 35.9
166.8 87.7 2 31.52
174.8 65 2 21.27
151.2 43.7 2 19.12
175.5 56.5 2 18.34
94.1 13.2 2 14.91
172.9 81.7 1 27.33
158.7 58.6 2 23.27
166.2 186 2 67.34
171.4 77.5 2 26.38
157.4 87.8 2 35.44
146.8 55.2 2 25.61
164.9 92.8 2 34.13
136.6 28.5 1 15.27
179.8 82 1 25.36
150.4 81.5 2 36.03
110.7 20.7 1 16.89
167.9 85.2 1 30.22
141.1 39.7 1 19.94
160.9 52.5 2 20.28
155.5 56 2 23.16
181.7 77 1 23.32
163.8 61.5 1 22.92
101.7 20.4 1 19.72
134 28.6 2 15.93
177.3 68.4 2 21.76
166 80.2 2 29.1
160.3 94.1 1 36.62
172.2 104.6 1 35.27
121.1 25 2 17.05
161.6 83.6 1 32.01
146.1 41 2 19.21
181.2 79 1 24.06
163.8 61.3 2 22.85
161.9 84.7 1 32.31
179 90.7 1 28.31
191.6 82.4 1 22.45
161.6 76.2 2 29.18
168.2 79.4 1 28.07
131.2 29.8 1 17.31
170.1 72.8 1 25.16
169.2 60.5 2 21.13
151.3 36.8 2 16.08
96.9 16.8 2 17.89
176.4 101.5 1 32.62
163.7 64.8 1 24.18
157.7 75.6 2 30.4
102.8 18.2 1 17.22
178.8 75.3 1 23.55
176.7 73 1 23.38
162.2 75.8 2 28.81
110.2 16.9 2 13.92
165.2 80.1 2 29.35
171.9 82.1 1 27.78
155.2 76.2 2 31.64
169.8 59 1 20.46
177.2 71.4 1 22.74
182.7 96.2 1 28.82
151.8 62.8 2 27.25
158 76.3 2 30.56
157 72.1 2 29.25
147.6 53.7 2 24.65
170.9 81.2 1 27.8
158.6 44.2 1 17.57
187.2 102.2 1 29.16
149.7 45.4 2 20.26
191.8 119.6 1 32.51
172.4 85.6 2 28.8
163.7 69.7 1 26.01
153.7 53.6 2 22.69
157.7 77.9 2 31.32
89.7 11.8 2 14.67
170 61.2 1 21.18
156.3 81.2 2 33.24
174 58.2 1 19.22
91.5 16.8 1 20.07
181 83.3 1 25.43
158 75.9 2 30.4
162.4 67.8 1 25.71
192.2 145.9 1 39.5
154.6 57 2 23.85
170.8 57.9 1 19.85
143.6 53.5 2 25.94
154.6 47.7 1 19.96
102.9 15.9 2 15.02
155.4 64.9 2 26.87
162.1 70.6 2 26.87
146.7 41.5 1 19.28
157.7 52.2 2 20.99
165.1 90.1 1 33.05
170 86.7 2 30
159.2 78 2 30.78
176.1 96.6 1 31.15
172 74.6 1 25.22
162 72.3 2 27.55
180.1 90.2 1 27.81
167.1 89.3 1 31.98
169.4 58.2 2 20.28
176.1 73.7 1 23.77
149.2 38.9 1 17.47
136.3 32.1 2 17.28
179.7 87.8 1 27.19
101.7 14.9 1 14.41
148.5 61.6 2 27.93
182.6 108.8 1 32.63
124.4 26.1 1 16.87
140.4 37.8 1 19.18
165.4 73.8 1 26.98
164.9 53.4 2 19.64
105.2 18.5 1 16.72
167 71.4 1 25.6
166.7 83.2 2 29.94
188.9 152.2 1 42.65
98.7 14.8 2 15.19
122.3 24.7 1 16.51
150.2 43.7 1 19.37
166.9 102.2 1 36.69
188.8 70 1 19.64
180.9 68.5 1 20.93
159.4 103.8 2 40.85
158.7 108.3 2 43
163.8 83.3 2 31.05
174.4 110.4 1 36.3
154.2 58.7 2 24.69
157.4 51.3 2 20.71
142.7 37.1 1 18.22
161.7 91.8 2 35.11
166.4 89.1 2 32.18
164.3 70.6 2 26.15
125 33.9 1 21.7
166.2 59.2 2 21.43
172.3 92.5 1 31.16
156.6 49.3 2 20.1
167.3 70.3 2 25.12
123.5 26.2 1 17.18
152.2 60.8 2 26.25